353
1048
1079
1083
1103
1079
1098
1083
32
1089
1080
32
1085
1072
32
1083
1086
1074
32
1079
1072
32
1089
1098
1082
1088
1086
1074
1080
1097
1077
44
32
1085
1086
32
1074
1085
1080
1084
1072
1074
1072
1081
32
33
13
10
1042
32
1087
1086
1076
1079
1077
1084
1080
1103
1090
1072
44
32
1074
32
1082
1086
1081
1090
1086
32
1090
1098
1088
1089
1080
1096
32
1087
1083
1103
1095
1082
1072
44
32
1089
1077
32
1088
1072
1079
1093
1086
1078
1076
1072
1090
32
13
10
1076
1091
1093
1086
1074
1077
44
32
1082
1086
1080
1090
1086
32
1084
1086
1075
1072
1090
32
1076
1072
32
1090
1077
32
1075
1083
1098
1090
1085
1072
1090
32
33
32
1055
1086
1085
1103
1082
1086
1075
1072
32
1089
1088
1077
1076
32
13
10
1089
1098
1082
1088
1086
1074
1080
1097
1072
1090
1072
32
1089
1077
32
1087
1086
1103
1074
1103
1074
1072
1090
32
1076
1080
1072
1084
1072
1085
1090
1080
32
1074
1098
1074
32
1092
1086
1088
1084
1072
1090
1072
32
1085
1072
32
13
10
1089
1098
1088
1094
1077
46
32
1040
1082
1086
32
1074
1079
1077
1084
1077
1096
32
1090
1072
1082
1098
1074
32
1084
1086
1078
1077
1096
32
1076
1072
32
1091
1073
1080
1074
1072
1096
32
1076
1091
1093
1086
1074
1077
32
1079
1072
32
13
10
1086
1087
1088
1077
1076
1077
1083
1077
1085
1086
32
1074
1088
1077
1084
1077
46
32
1042
1085
1080
1084
1072
1074
1072
1081
32
1086
1073
1072
1095
1077
44
32
1079
1072
1097
1086
1090
1086
32
1072
1082
1086
32
1091
1073
1080
1077
1096
32
13
10
1076
1091
1093
44
32
1090
1086
1081
32
1089
1077
32
1074
1088
1098
1097
1072
44
32
1084
1086
1078
1077
32
1080
32
1089
1098
1074
1089
1077
1084
32
1073
1083
1080
1079
1086
32
1076
1086
32
1090
1077
1073
32
33
0
